  -1  33  -1  -1  -1  18   0  -1  -1  -1  -1  -1  -1  -1  -1  -1  -1  -1
  51  -1  14  12  -1  -1   0   0  -1  -1  -1  -1  -1  -1  -1  -1  -1  -1
  -1  24  -1  80  99  -1  -1   0   0  -1  -1  -1  -1  -1  -1  -1  -1  -1
  -1  -1  70  38  60  -1  -1  -1   0   0  -1  -1  -1  -1  -1  -1  -1  -1
  55  -1  24  39  -1  -1  -1  -1  -1   0   0  -1  -1  -1  -1  -1  -1  -1
  -1  42  -1  -1  -1  -1  -1  -1  -1  -1   0   0  -1  -1  -1  -1  -1  -1
  -1  -1  29  23  -1 109  -1  -1  -1  -1  -1   0   0  -1  -1  -1  -1  -1
 125  -1  -1  -1  -1  -1  -1  -1  -1  -1  -1  -1   0   0  -1  -1  -1  -1
  14  -1  -1  -1  -1  -1  -1  -1  -1  -1  -1  -1  -1   0   0  -1  -1  -1
  33  40  -1  -1 102  -1  -1  -1  -1  -1  -1  -1  -1  -1   0   0  -1  -1
  -1  29 126  -1 113  -1  -1  -1  -1  -1  -1  -1  -1  -1  -1   0   0  -1
  -1  62   4  -1 101  -1  -1  -1  -1  -1  -1  -1  -1  -1  -1  -1   0   0
 118  -1  -1 115  12  18  -1  -1  -1  -1  -1  -1  -1  -1  -1  -1  -1   0