  -1  22  -1  -1  -1  21   0  -1  -1  -1  -1  -1  -1  -1  -1  -1  -1  -1
  71  -1  63 118  -1  -1   0   0  -1  -1  -1  -1  -1  -1  -1  -1  -1  -1
  -1  75  -1  84 115  -1  -1   0   0  -1  -1  -1  -1  -1  -1  -1  -1  -1
  -1  -1   6  26  42  -1  -1  -1   0   0  -1  -1  -1  -1  -1  -1  -1  -1
  63  -1  81  68  -1  -1  -1  -1  -1   0   0  -1  -1  -1  -1  -1  -1  -1
  -1   6  -1  -1  -1  -1  -1  -1  -1  -1   0   0  -1  -1  -1  -1  -1  -1
  -1  -1  88  62  -1 110  -1  -1  -1  -1  -1   0   0  -1  -1  -1  -1  -1
 111  -1  -1  -1  -1  -1  -1  -1  -1  -1  -1  -1   0   0  -1  -1  -1  -1
  26  -1  -1  -1  -1  -1  -1  -1  -1  -1  -1  -1  -1   0   0  -1  -1  -1
  93  79  -1  -1  94  -1  -1  -1  -1  -1  -1  -1  -1  -1   0   0  -1  -1
  -1   3  82  -1 107  -1  -1  -1  -1  -1  -1  -1  -1  -1  -1   0   0  -1
  -1 120   3  -1 109  -1  -1  -1  -1  -1  -1  -1  -1  -1  -1  -1   0   0
 110  -1  -1 109  44  21  -1  -1  -1  -1  -1  -1  -1  -1  -1  -1  -1   0